username
sykeplants
jsephh__
kidjib
kakiep83
seriousgreen_
jmisshort
songwriterseya
dv11arjes
kylieela
hellotherealy
_johnviiictor
mitsoiii
rlymaee
nicolehlton
zezezeze38
lenirobredo
risahontiveros
cheldiokno
rodriguezkkar
glndrzy
jsnhmfds
krstlsison
withlovetepay
cedezxx
kriztalmdn
owjiebey
isidrobernardj
abivaaaa
drixligasan
markdaenielle
caragalileex
rex_docx
sillymackyeah
seyasenpai
yoitslancee
zcastillano
xshnldwnx
ralphbehhhhh
manolskieeeee
yukihirorubio
shielamagayano
jshdsnts
dbtkco
nachedawson
michpleaaaase
akosilouiex
edmarksebastian
sfphb
