username
benshopiro
interiorporn1
justin_ljim
nico_vil2
tontonfriends
iamjennaguilar_
mayora_abby
grabph
teamavelovinit
paolopun
deanschneiderfp
hithisisviy
abyeautiful
miguelsevern
mandaluyongpio
opilipinas
imkerwinking
taka2020__
mjoyceencar
chescapersia
ogie_rosa
mrfrankbaraan
vicosotto
darlingmaisy
pusangkalat
jervyfermin
_bryanpagulayan
trishmaingat
netflix_ph
quotebeauties
mchllsrrn
mlnlph
mamabruha
sabadontt
xmuggymugx
monikaspvk
sammirubia
chrisulmer
gutsyph
_lissamarieee
airaayenza
gnash
saeeddicaprio
munitheband
route196rocks
ronanmallari
xxmisstara
drolanlegasvi
stagessessions
___dondavis
jessxpats
ebedancel
johnoydanao
bulletdumas
imquotes_videos
wheresramona
justinvasquez__
fafadomdoom
kartunnn
the700clubasia
sdrgonn
halstead_reid
paudaexplorer
chrlsclrk
rupertlincoln
jakecgoss
xtinenitx23
moshwithtyler
closeasfanzone
kevin_pableo
hoodsbetch
gwenisafangirl
gq_899
pitstop899
magic899
calumteeth
ninawico
breeanax
carrinejhood
nhojmichael_
thebigdome
ticketnetph
logan5sos
phillipnandez
crystalleigh
global5sos
wearefof
jerichorayel
joenasandiego
homecreditph
bigfreedia
jennkaytin
aeon_ix
gameofthrones
emmanatics_
jpcoopermusic
phivolcs_dost
martinsolhaugen
thisiscathyo
lany_phl
druephoto
rapiineaus
rexorangecounty
phlannemarie
shawnmendes
cleanbandit
beberexha
annemarie
beypascuaph
indiemanilalive
redninjaprod
atejeyaaa
iamchelley1
jcophtweets
shade_of_tee
santoscandrei
catherinepaiz
nicolaannepeltz
ofcfamilization
kaphalifa
madeleinecruz
haroldenojas
cpas524
mydleenocampo_
briannarielyy
ianleeestrella
originalsonlyph
serah
patriciajoyy
hiorheyitsk
haroldkiann
thechainsmokers
witchybassist
shwood
elliceyowww
heyhersheyy
hubeeert7
chescalexaquino
reiannbg
austinmcbroom
milesstereos
shafmusic98
fumfumfum3
raccoonprod
mercatocentrale
reigermar
ibelongtothezoo
superyoshhh
_mmikeee
gainesophie
samlptn
brothernature
boilingwatersph
thekhalilramos
brunomars
adelamae_
jachmanere
alexwassabi
jugglingharrys
misscooperrr
janellaelaine
dyeeeeenn
okaychad
jasonmarvinph
monikastamaria
asntm
mypaleskinblog
jeffreestar
neiljedcastro
theartidote
betsinsofficial
davidflorin_
brandonwoelfel
saintkaeati
rihanna
kyliejenner
kendalljenner
khloekardashian
kourtneykardash
kimkardashian
davidarchie
thegreatkhalid
sprintingbeauty
rxein_
keirosswaffu
ninanuguid
narcabico
carouselcslts
decemberave
dauntlessmanila
haineepryn
purenectarjuice
raphaelmiguel
mariafollosco
christianln0821
brandonflynn
alishaboe
rossbutler
seigedp
smtickets
dualipa
alexernst
zane
todderic_
imnotscottysire
daviddobrik
lizakoshy
tkg_official
shiralazar
hashtagcatie
uniquesalongaph
barrettojulia
iamjoshuagarcia
pauljasonklein
laurdiy
halsey
bandwagonph
creatom_
autotelicmusic
brisomph
thisislany
tagaytayartbeat
bsilonga
_everydaymovie
reeseypeasy
moonlanegardens
ivofspades
vicentejian
thecongtv
delatorrefabi
pattyydee
selfamused
apolikethat
serahsabas
pawermegs
jerepelente8
bts_bighit
bts_twt
pnglwngletra
ladygaga
selenagomez
justinbieber
mirikutaka
giasison
bretmanrock
emcabaguing
sierradeaton
alexandsierra
papajacklines
victoryfort
atypical
chewinggum
stranger_things
juliusempoy
sarahbenin
msderossi
tripletshome
annacayy
arigatohato
iamkatgalang
avelovinit
themilanders
imging_cb
maximdandanph
rupikaur_
thecroptops
janjancomics
peternery
albinmolina
antrosininglaya
twittervideo
vincecanlapan
brianjuanwilson
lexyrodriguezz
c_sutcliffe
cavsnationcp
kingjames
xendarating_
vansphmanila
ptv_ph
vanswarpedtour
mileycyrusph
_clarafied
wearephat
officialmmiarmy
itsarpee
silentsanctuary
keikosoundslike
clarabeninmusic
mmilive
wheresrochie
henzhoodie
5soshunters
astroplus1
allbandsph
wordstionary
nordcurrent
verybitchesca
officialtgph
angelikadlacruz
bilangpilipino
news5aksyon
nicaanix
bongbongmarcos
ynnbnnxx
senmiriam
dlsusports
heartmusicphoto
tha5sosfamily
enjoyglobe
livesmart
talk2globe
smartcares
edwinafindley
mca_music
mtvnews
5sos_mnl
monaarcimunoz
aglrangela
gabtmnsprmn
mijanean
sicatkaba
bernardokath
mattjaffemusic
tltbandny
dth3tr33
angelicaj__
arzaylea
iamjykicks
hyattconcierge
ilovetaguig1
velky_vilo
alyryanmusic
smosh
laurencimorelli
amycim
lisacim
christinacim
kathcim
ufc
kristindavid
jiminertia
dzlwzl_
cinema_one
memahalkocvice3
applesan16
katvelarde24
bernespanol1980
rhoward359
galanzamaria
myselfandhealth
maginoojp
johnarcilla
heneralluna
mainedcm
eatbulaga
mainemendoza
aldubsofficial
ofcaldub_makati
sam_concepcion
eeeno27
nbastats
pulpliveworld
cavs
nbaontnt
chicagobulls
katdahlia
xiantobias
taehyungdaisy
the365movement
rx931
jbphilippines
fanboysarmyph
teamricci101
thegooglefactz
buzzfeed
byshiee
tutor_margaery
gumabaomichele
kimfajardo9
animolozol
vsgalang
uaapsportstv
animonation
gatoradeph
matchpoint_ph
januarypunch
loverosiefilm
rockthe5sosvote
successs_quotes
patriotsofmars
lovepaidlove
trollscomedy
elaine_eguilos
spacemarch
honestlyadopt
zackdanielperry
alejah01
itsmekaigonzaga
andyhemmings66
5sosnewsphl
evaosborne1309
ginebrakings
barangayginebra
dlsuladyspikers
sectorkekz
mileysrum
marinelajacinto
mysmilersteam
maijaesy
allofustogether
jrlovins
mattcapps
j_harry08
joshclarkis
maaaaaaaark_
sandralxna
dongangelou
ohxosuperbhii
toddadkins
ryanrrasmussen
jamaizing876
forthechangers
kadenzio
elisoyud
cj_soliman
danielistaz
jim_sos
kiddinash
saw_limbed_leah
nathanryan
rickwarren
jarridwilson
pontifex
thesmbeermen
malikoa
hemmingsownsme
larathesloth
jetblackxmuke
_awakeinadream_
anne1d5sos
monsterlrh3
idleworshipstan
thingsashtonis
copperteiiurium
souledart
deathbyhoran
itsklassic
btshoe_nikki
lukeiscute87
snapbackmasht0n
lashtonutopia
gottabehazx
thatfanman
no_postonsunday
loulouloulou_e
aylin_mol
camybenigni
uncovharry
jijikitty02
hmb123intn
profhuertas686
vea_malik1d
freefollow6023
considermedead
harryxlashton
heissothankful_
lalindsay67
rsteblev
jonahtlsc
steven_plumb
ashtin5s0s
theuvofficial
chstrlncstr
hasterband
reginatorrechil
5saucebitchesss
bienecrisostomo
stepthirteenth
ross_kristine
xjessielovex
aotdf
puppetrebellion
aniotaoftruth
kimkarsdashiarn
berribare
jordanbrak
cravemgmt
taesarangarch
iamnoevall
thepowerfulpics
hellionmag
instagram
sugarscape
cuddlescalx
thetaylahe
_capturetravel_
knbajuyo
lorde
nnick048
niksbarrientos
jordangrokett
calum550ss
chadsheela
ido_ph
jinkydc5sos
cm26959
queseraband
vinecreators
dimplericafort
1dappreciations
teamdwade
zenpro_official
amongstandy
amorbrieah
foxmccloud__
novaandtheexp
fatn_army
abegeylmaganda
tristanjustinn
stmfanclub
jamespatrick_tw
ghosttown
factswikipedia
whitehot_3
croplucas
mariyabegeyl
cruiserusso
nappykaye
nbcthevoice
christomlin
castingcrowns
chvnttelycaa
twittermusic
witherawaypa
krisjohnpogi
impolapple
praiseloudnow
enews
thedwarfsite
joshuagarcia_0
adventurefp
anavaemusic
samantha_maga08
koris1ne
moirayarte
theejheider
valisemusic
mountparachute
allenjisoo
libertydeepdown
hillsongworship
planetshakers
beccamusic
myhouseofpraise
ayeshafield
alyssavaldez2
raleighobcena
5sosflash
emerjerico
littlemshungry
chronolythband
makeupstyies
asdfghjkidman
pewliesee
withersxny
okokpurpose
yourfactsionary
mannypacquiao
abscbnnewssport
itsbearbear_
c4ndy_stickss
heat_faithful
quotesdito123
djediraph
llilillillllll
wholehrtdmerch
darkc3ll
reverseorder
simon_mawroh
grizzleemartin
eternalboymusic
officialtnl
ruthlessjulie
wonjuwoo
latenitereading
kiraycelis
higeorgeshelley
enchongdee777
mmkofficial
lizasoberano
lanterofbadds
ilovemiamiheat6
miamiheat
tbrecordings
evvnmichael
freakytheory
theasylumvenue
yelleroyce
unkeptsecretmn
ecikif
amyamyatkin
peacemercutio
onehappyderp
emotionaigirl
fentysiouis
supportact
isshangg
esdraper
tdenn_
iluvpricila
wearemkto
randall_rahn
streamteamhelp
walkingdead_amc
mgfansabscbn
brandonbartling
ksmpromotions
123foodaddict
zookrueger
tiffdogg77
richardnashiv
taylajordan93
porcelainpill
winteryorkmusic
_justinpeeling
evanogden
iamleroysanchez
farewell_mylove
ruinedharry
swsthelyrics
shanetf
lxxander_thegr8
123agencygroup
eizelle_
moovalya
joshidivide
seasonfordrugs
angelacahero
tttsofficial
pete_rosenburg
craighuntcoach
brightasyou
_fairview
davidnlehr
moderneband
mattbacnisband
brianxbradley
smthnglikekites
robertdobbsfans
takesteadyaim
biink182lyrics
fxckinnolzanski
strtrs
silverstory
officialmim
clarhemmo_96
lifegotwarm
prismtheartist
yheartharry
harry_is_harry
baetrizangela
markeplier
shoutaustin
bangbangbrando
sunandflesh
awyeahstralia
hankcosmicwarr
wonderweddings_
generalbastard
nltgstreetteam
7mihband
fifthway
hoursuk
davidxkey
heytakealisten
whatupzac
thelottery2055
ink_xo
krizziatt
thewolfdickdtf
temptingfate
walkneyupdates
weareforeverr
_alleyways_
sohoupdates
annasaid
rogerdtf
omgimmag
somethinglikeaj
idivideband
jimmymowery
ptvwords
atlverses
kraptorband
radio_silence1
sarahhmeatsix
innikolic_
imdanielvalerio
bassplayer808
bringmeareason
santasauce
lydia__cooper
andrecgoodbyes
e4aeband
cgoodbyes
hellsbelles_uk
bluecornerstore
threedaysdark
_abelas
originalbeermen
alispagnola
fvkillers
cgband1
withconadelaide
williamcparks
taknbystorm
limecordiale
britbridgewater
skyerocket
jameschatburn
thedeaddaisies
becca_stott
thebabyanimals
peterbjornjohn
radiodriveby
ftftweets
zebrahead
drumchris
matrimonyband
stevebalbi
strangelyalrite
ellefsondavid
davemustaine
scott_ian
anthrax
slipknot
korn
systemofadown
marilynmanson
ozzyosbourne
blacksabbath
megadeth
ironmaiden
metallica
gunsnroses
mariekehardy
musicdotjunkee
slash
messandnoise
macleanbrendan
axlrose
sitg
tomcballard
iamstevent
alexdyson
lindamarigliano
aerosmith
zanrowe
chilipeppers
doctormcdougall
lewimckirdy
foofighters
ninalasvegas
stavwasthere
triplejunearthd
arcticmonkeys
triplej
thisisbluejuice
foals
hungrykids
doublejmornings
tameimpala
ballparkmusic
grizzlybear
domalessio
homeandhosed
arze
vampireweekend
cloud_control
nikkaloper
sanciscomusic
theholidays
lastdinosaurs
thejezabels
papavspretty
morriellomusic
blessthefall
wethekings
yellowcard
sum41
hotchellerae
themaine
plainwhitets
mcrofficial
thesummerset
iamrobertdobbs
omandm
wearetheincrowd
twinatlantic
neontrees
danmeatsix
saintesays
kerrangmagazine
patrickstump
maydayparade
mikeaar
imaginedragons
thescript
thefray
onerepublic
chriscornell
epitaphrecords
fearlessrecords
piercethevic
piercetheveil
mgchislett
yimemusic
vickyt
kellinquinn
leftimusic
ptvjaime
ryblackinton
ptvmike
novarronate
gabrielsaporta
thisisryanross
youngfuego
pearljam
aaronpauley
springsteen
alanashby
officialkeef
elmakias
mickjagger
lisagaskarth
fabfourfacts
jmatthewflyzik
datboyvinnyp
beatlestweets
dannykurily
paulmccartney
iamamerrickan
ringostarrmusic
thebeatles
zackalltimelow
coldplay
riandawson
alltimelow
jackbarakat
alexgaskarth
tomdelonge
markhoppus
dallonweekes
thespencersmith
brendonurie
panicatthedisco
falloutboy
paramore
blink182
nashgrier
bbymomai
niallofficial
youngbloody5sos
sashayclifford
chrstphreduard
officialmeteorg
upchurchfunk
britttanyfelice
natebowler18
ryansidhom
bigtop40
whytrysus
brookewut
narryysmiles
cowboybebop__
rikiflo
ms_lights
wismurr
lauvcth
jmx_styles
therejects
thewalkingdead
seok1es
ann_sadomia
patdiyrics
whittedumz
februaryiuke
pinoyopening
jungsungha
eliselynnj
jcattmeow
mcbridemelissa
laurie_holden
wwwbigbaldhead
drunkentaylorr
yung_luv_music
somedayimusic
nicholasempire1
damnstyles_x
crashmidnight
aodmetal
ayubiologics
fenixny
bydesignoc
suvad_j
nyelly98
princessjyce
carlafugaccia
amancio_ortera
peekssocial
goodknives
xenia_lamborn
kory_brown
loveanda38
stitchedupheart
skyburnsredband
officialmgfs
escapethefate
shannonleto
30secondstomars
jaredleto
pierrebouvier
simpleplan
linkinpark
greenday
nirvana
gemmaannestyles
little_lulu___
ustheduo
michaelalvarado
mtvasia
carissaalvarado
francesfajardo9
yhngsjlg
lyumira
official_enzog
iamalyloony
beeyuncuh
iamaivanreigh
tellemjaye
zupluke
kimsavedby4
idelleiddon
yournotpunkrock
1andrewjhawkins
therealabr
eeiramyooj
corristephenson
tattedonmy_back
ashton5sauuce
harryousrsly
dnajung
prinsesachinita
actzorr
5sose31d
twitter
caringfanboy
adickdass
livestream
twitcam
hemminghood5sos
essilovesharry
5sosbeiike
luminousdylmas
monfoolish
twitcastinglive
champagnekalin
rosy_oln
_hollyedwards_
uniquehalsey
lfofc
msanityxix
boarnergesmoa
camilaurengui
solsticearena
irenouken
book_of_hearts
idol_clothing
coreywoods_
semarangdotcity
tyrabanks
realfrankie2x
slitgeerr
trevornoah
nochillzaynx
aianhangover
ashtirwin
0beyhemmo
lisa_was_here
zoeseptember11
tylrxo
sobicidal
trulylxrry
qualitylou
liamusexy
1dxcrazy
dezz_belieber
ohmyoreojb
arianasturbate
cuntlifornia
illudoc
ynnikspls
gehxrry
adoreyoucupcake
donivian
chaz_3118
updateswith5sos
dontboreus
jaismalum
kristy5yow
irwinstoes
hellxcliffxrd
yourfavwantsto_
factsprofessor
oohnonjh
breelovesyou2
angkatanungan44
gucciwreck
mrsmclifford28
lbirt1993
trishyveee
narryftmaya
tiiarnalee
mcr__trash
sweetybeliebs
nickxiscool
yazsouffle
hatersgonahatex
blurrymaryyy
emiliamedinac
hemmochic
idounutluke
capistranonikki
sarah_smiley11
taeh0e
keerichan
xenzothepenguin
lykacanonoy
louishandsx
brodiehood1223
sheeeerrri
cherryysison
____magalii
ashtonwiilhave
wiiisaythat
shalyntotts
philconcerts
ashton5sosph
calum5sosph
5sosphofficial
keetayyxo
ernstcirillojpd
jinkuin
ashtonlovesyou6
hipinkclifford
isaacinspace
johngreen
aldwindelfin
imhanselbiscuit
thatreily
demii_dee
pj_bill
imjobellecruz
wickhamjvj
5sosdapizzaboyz
werkph
southernbelies
joshbanaress
thedale_
weddingdressez
paulohualdee
_feelingsquote_
sinmied0s_
baklangtaonprod
brianpador
boooomsakit
kimpoyfeliciano
justintuscano
fernandezjn
hopemariediana
jierectionersos
arizalec
alicedixson
fhmphil
kaydenboche
tomdaley1994
funnylaugh4u
shaimaetaoufik
graciaxcx
brfcsuggestions
shainedawson
lukehemmingsoh
nathanxgrande
romygeeraerts
hnsccxbtsos
5sosphteam
kareeeaan
namgiunlost
joycepring
5sosyeol
bltchposts
lmaoordie
5sosupdate247
theweirdworld
kissmarcunvrse
zafyhc
quotations_ph
justeeana
nicoleamarks
itszabdixtom
terezacrazygirl
bluesnotacolor
blath5sos
jlmision
lizatheskiier
kranzstithyau
georg_grey
namelesscrys
mikeycliffcake
starmometer
taylordooley
cristinereyesss
clxffaconda
donteeweaver
justjcmarquez
ihugotquotes
beeline1301
athltmotivation
nba
midnightskieswa
sone_abby
msandersdemott
jokestersnews
wxnderlustmaria
xxhovi
teenagemsgs
5sosplatinum
michael5sos
calum5sos
luke5sos
fangirlquote
ashton5sos
nokoaashish
annecurtissmith
clarktrovela
peterramzy07
rojean_vielka
andrebugotti
jimchester_tv
paa_sakyi
visiopsycho
oldmasterk
stephencrose
nebraska
maxsaysthat
_sweetangelgirl
_agirlsquotes
dntknwmusic
jaysondogphresh
ogiediaz
teckerz
linocayetano
luigimmv
asapofficial
dontmindplsbloc
brayomwenda
allglossedup
thehomecomingss
barracabianca
pradastyling
_gorgangellynnn
hyukawithluv
kevincstnd
zomvinz
gimelleadriana
hannah_kalay23
pymsynapse
zathrinazazell
babe1o25
mauiang
deancio1
medeancio20
pbatalk17
japsissuperman
jomarmndz
novxmbxr
chrsteynne_
coolstorykath
nebobrian
btsisdgenre
marcose15
felixemma06
norway5sosfam
femalenomads
5sos
lindsaylohan
majestyamare
nhappybhoi
skandaramin
dougkramer44
heyfebz
irishsta
syrafaella
thefirstl
rwigginsmusic
hilleclothing
onesapaolo
ebonyday1
dannydefier
run4pasigriver
umakpsychsoc
markbassig
mcdo_ph
arvinjessy
mariacaluya
143redangel
junreydumlao
12abegeyl
tagumdianne
manolopbballin_
avxxmxrxx
aldwinbonnie08
makatitraffic
joenow
mileycyrus
markpingris
smartgilas
sexualzaynmalik
foxsports_ph
msleasalonga
mikareyesss
yeyeaddicts
yeyenaticsproud
filleisfly
nicholashoult
warmbodies
johncabales
vicegandako
crowdermusic
hillsong
hillsongunited
chival_mdread
iamchuckie
mdread12
psychologlst
goffiesenigma
itscruzlila
ehrugh
elzarvheen
chicserenaaa
ndublette111
ainemcgivney
nikzen
ilovejamich
cutefashlon
jaesayas
jehanneeee
shut_d_fuck
commutersfansph
djbdonna
danjunros
davidguetta
sonypicsteens
maroon5
onedirection
kellyclarkson
adele
avrillavigne
ftbmediasource
lifeasparty
therealthai
ohhhemang
relatedquote_
pinkilindaa
chicolocomanila
angelmuffingirl
iteachwisdom
urgorgeoussmile
janine_tugonon
thelifediaries
glytejadilla
speakr
jodistamaria
mindsetdev
natureiover
ohgirlbook
wizdomstweets
ioiing
_secretjeremy
yanisallouache
princepierreaug
lilkaneee
ithinkthatway
ja_ne_ni_no_new
wynellodtg
imjesellebondoc
sweet_brey
cielofemme
pendaflex23
kademrk
mattknowles12
toshseki
jhayozkieee
twitmusic
senyora
katreynap
shaiwrp_
yoansgr
theashtones
juzloverboynaz
anakarylle
riccabrv
itslifefact
yengpluggedin
papajacktlc
iamstrxnged
jurisfernandez
juliennabees
danielasings
harry_styles
iamyoungjv_
smiie
simann123
youtube
factsofschool
idiotsdoingshit
speakcomedy
jhoicates
edgarallanguzma
edgarallanguzmn
kzofficial
samueltsui
cimorelliband
kimbalibagoso
jennydritt
klaizze_padilla
chaferose
isaiahgardner
renzzzpadilla
akoposimarcelo
stamariaallen
miggy_cuesta
joandaofficial
xianlimm
mellyricks09
iamkarenreyes17
louis_tomlinson
gellykait
chareepineda
whatthegrimmie
wissarci
sette_19
heypwil
lovelove_god
ceylonching907
ceylonching
taylorswift13
thequotenationx
garyvalenciano1
katyperry
kieferravena
thecrowntale
reallauramolina
tlcpapajack
papajackadvices
mellow947
sylvandermusic
ddlovato
ryanseacrest
vinaplaza
jenalineespirit
tippydossantos8
jhongsample
sialishey
coleengarcia
imdanielpadilla
michbacani
kimberxylene
psychbea
itsronandrew
marieien
arianagrande
jhenneline
momo_sync
trillcloset
girlinlovewatty
dyana_lyn
tjmusicmonterde
glocdash9
montesjulia
keancipriano
chitomirandajr
yexelsebastian
neonaljoannemae
liampayne
thewanted
therealgrimmie
zaynmalik
