username
fashionpulis
