username
jessihoempire
lo4rdre
notyourelijah
xeenaall
marielletabio
jjabagaton
kakiep83
thebautistajoys
mamabruha
maedianeazores
girlsofaqua
sarahelago
charli_sctex
6foot1badbitch
sofiabas_
artnikoficel
jczeli_
___fuerte
lowiiboyyy
iamyvettekaryl
entrastd
neonaljoannemae
derkmalchoos
itsacslife
theklmanuel
switifierce
weakbitchenergy
effynphrne
macoydubs1
jcivebeendone
yonggoloid
abbeyaaas
mykomykoman
dudewtf1111
_rdie_
allysonita
sofiadreserva
sushiiniii
ravencl0wn
georgeforthree_
_1bgdrgn
cruelests
itssodop
rjcrdn
dmlxus
reachangelab
seungkwow
fatsydaisy
laaleejah
kohficel
smolbrainedcat
yolovicks
stfu_lra
zaetan_
altabscbn
win_brightx
kim17707075
jolyang14
frnzchua
iammelissafe
paudaexplorer
bretmanrock
kreme014
mrfrankbaraan
jjodulio
samxguevarra
whatseanwears
yanihatesu
phillipnandez
lyklib_04
amdaml
cyrishmalimata
ghelouvee143
kimpotfranco
1hpe_cujo
ellaebara
greymaximo
blanconized
kylbarc
jhnncortz
jbdadream
hoyluwi
_angeldei
dopaminehurts
souisins
lowkeynerdyy
stealherdinero
bbayanko
ohhh_binibini
ivryfrst
_kavinskyy
therainbro
scorsaguin
mimiyuuuh
adbaldemoro
kevrluna
ralphgenesisgo3
pdelapena13
shadeblackstar
walkingmistake_
michaelprinsipe
xendarating_
diziskatrinka
ziysuh
mique_jr
earlmalyn
punzal_harold
labkulots
joshua_azuela
positivejane_
dnlpdllaaa
imbryaan
manueldotcom_
loadingpullies
abajerojoycee
jungkookieshbts
itsyaboisatanas
jaicabajar
galvejoenel
jonellacastano1
kento_spectrum
moiselledcrn
paulineanee
batoonprincesss
usmaylhavefun
aeuoae_
kenemekemexzs
switze18
ambersyosuh
anthonyjavierxx
ricaanacin
graywxyz
warysanchhh
coccoaaac
demcjpeg
kimberly_naga
jeco_ban
sheenahclare
jjusstiiinnn
akikomarie
kaaath_l
munneyyy1
hannadewww
laganzonjames
ogie_rosa
nigeladamss
mayorxofficial
gchekay15
veracesmae
coc00n_
vainlalaheavenn
sideekickk
bryleajg_
shrwnsr
ba3max_pau
mjlfandrada
joenelleighsam
charddfn
troiiiii_
romson30168837
httpsnimroood
icediaz14
blessie_braza
dimarananjayy
cyrillelaugo_
huntydgaf
michael_matssss
jaydeexcastle
crashiime
gibson_franz97
akosikennn
iamjvliet
angelomark30
maniac4aly
kaylgin_
deborahorfanel
imnick_x
mxschxllx
jeawein
bhrtd12
kylearena2
heybiatchesss
vayne____
camstheking_
maguiiiiiiiee
ed_lov
agapemontflco
saintnisha
rapid_rawr
triumphs___
donmarcaida
itsdeynyel1
hrndzmig
jamesvoltaire18
jerbyyvonne
dekaaa121
karltanchico1
bonie_dabirdy
itsjlnvrgr
sweetyaerol
shmlmydlpz
ilove_yelo
pediapi
pepethegreat4
itskeysiijam
krendix
orfwette
owimwanengg
maeneonal
rochellelaniogs
bogtarget
charry_bueno
ingebeex
jmhiel_
reahagosojos
jeniejayelgar
carl_joaquin24
chewsnae
kimjagape
eeestellee
shiannaaa143_
itsmebanesa
punongbayan_
potatodeej
mrcrtblnt
kengggmaki
daebakoverload
jaymievergaraa
jeffriveraanth1
_ontheroad4ever
paranoi59440797
chineeheart
eithelhope
pbtugare
josuamoraloyola
ricjoash
alone_assf
rawsstarr
hugoooapril
seduceve
russelcvs_
debmoiselle
lykallanza1
skye1602
kayecbnro
xboi_00
jess_duxx
mrkpao
azhirt_ayeila
ayekateeeee
jeymz_jam
kawaiidamsel
rjhenesis
_andmx
drvixgarcci
hyacinthmn_
iicbanjonii
rhodennb
believer09125
gelatinaaay
jadmerc
jajahernandez_
lliennereyes
stelalalalaaaa
joanpepitoo
vsqzzzz
rafdlwmp
emilia_x02
iamsampangxmrll
icaaatagata
legendarylvs
niveakareen
sydney_xo5
sufianjatt
tm1ldred_
lycasuico
anj_elio
boombayrieeeee
itsxshleighh_x
migolfrancisco
idcmiks
xxgilo
angelbernabe_
mrsrowland_x
indianaflips
louissecarreon
_shaixwoodley
_almiraflorendo
azyynomoto
deadlyems
isabelleaea
batchichaay
sijeyrawwrr
