username
roncalprincess
gwyommie
clyden_ramirezz
xsupremo_g
notrolyn
_mochi_latte
machndro
needairsupply
_lunacamero
seviroushhh
thiccmaui
astherielleszm
babyririego
fordkaths
captainhiroar
areumora
d4ilyazrael
ynafangiri
more_latte01
btcheszacrsl
demoaniszr
demeonic
intocuervo
seahmabangis
teteas0712
noturmegumi
intoriguel
heraksnacute
thebambis_
kisemokoo
b4llsnisevi
pictoresa
_zar1yah
yuhgh0e
veranays
funtasticans
art2romac
jieunnieee_
drldnvr
imjohnnydie
rxadian
lunanatasha_
dokclyden
kaiiitot
cysamanthaa
louissevaleriax
rinoanoes
hakdogsociety1
ronjeyel
_akihiroo
kengwpg
lallainafilters
haruarigato
iambuwan
_yourarchitect
_amxrxnthine
ashfinitybats2
key_emmmm
desubeer
bananahannaah
gatlsk
lallainarolyn
okgwygle
allyszxcwrites
lovelallainashy
rolynlallaina
ashfinitybats
alagadnibuwan
donnymybabybabe
uanex_
cly_ramirez
69sevirous
misslilienne_
fortunatinooo
maccaspian
cylakititl
chargerniyanna
yoursevirous
belnidoni
asdfghj98311525
dnnyblle
nearlyine
itsgwaii
avryellekn
xxashianna_
chandrixem
universquadity
yourmisskupido
supremoodjp
sevicameror
cantaffordj
kierratin_
iamnickszzz_wp
hotdogwy
69cuerv0
bellefordonny
lorimie17
gwylogy
_dimosure
4dgirls_
akihirho
sevixxxelyse
gwynttes
alexnxx__
sebastian_beans
bts_twt
rolynvuitton
onlycameroar
kalixjcmrtnz
louisse_nvm
lxvlyyyy
mellorine_mello
redjooplallaina
ashdmundo
ahinglobal
mmld_official
parkbogum_ph
actorleeminho
iamnorhaila
sladyglitter
erinbrdn
donbellelastic
kimbeommiesindo
bbfindonesia
kbmthai
ashtanxo
donbelleaein
gottaluvbelinda
ashtheticly_
chaoticforkpop
wansbelle
mahiwagangkris
moonhebrew
prodonbelle
swdjaan
donbellehrthrt
sweetiemench_wp
msreicaaa
kathnyelr
nglcmngl
fordashiana
belindonato
_heybub
rossgwen14
tgrzndel
rykaizaluisa_
dea_stellamaris
hihxbubblies
ericka_areums
donbellehart
chesscay
donbellefirst
niccolasia
elladonsdon
smniebres
__mzdvm
blissfull0
daaiiiinnaa
20mzha
karissajaneeee
samshiine_
skyquizon
blissfulbelinda
lallainadm_
jongkailang
m_quinoo
officialbogumph
donbelleluvies
everydaygwai
actorkimbeom
bogummy
aiintdria_
donbellel
donnybellesssss
ramz05465464
angelaanne02
shaineshajaney
marenperdal
faneyhih
hihbelle
istangwyomiii
gwyxsaludes__
misssiyyyc_17
iamsuperjazmich
dnbllee
attykalixjace__
falalalarah
aint_avianna
gwyomic
knoxxuluvme
engineercameroo
h0e4clyden
donbellebubb
_elydezma
69seokjln
hannahxareum
missmauivera
redjxla
_lallainashyy
rolynmazing
ashsizzly
todonny
_moondb
maxpangilinan10
heyitsdonbelle
krxdm1
camero_sev
shewasmyfiance
dazzlingrolyn
camero_sevirous
ashtanley
damnlallaina
aliya_ketlin
itsurgirllavin
donbellebb
ashyyydm
marriekim9
lallainashiey
redlallainaa
tagsensation
_fairyy_y
fangorlsesh
akihir0jrz
gantiajannah
donbelledb
donbelliever
just4donbelle
dblohhrr
gwyreums
hihfille
donbelle5
krfanghorl
lhenkaz
moonkatana
supremocuesta
reesseeee_
chaepinkdb
apringgg
88keshl
amourkndb
donbellemiloves
amoraelysecam
yourcansino
lallainaedits
dbilibidprison
zyndiehborbe
ayenacostaaa
bubblydonbelle
_kathdb
safeskiesana
iamlallainashy
donbeiiehart
riguelogy
tagsen_global
chandriyyah
dorothylabadan
balchandria
lovetrilogyofc
rea_ureta
bubblyryen
goldenjkbags
an_gelaiiiiiiii
dzionavixkyut
iam_jamgomez
joesescipriano
aniegorl
desteenielijah
stankaori
kyzhavillalino
theyenquirante
ashleyredroncal
tropanggksm
zaiminyaz__
jxrxxlxn
baby_whiteswan
jnnyesclraa
marquezdivinee
donbelleyakult
vesauirius
niniyah_
azaleajule
httpsdotatty
4clyden
yysshhaaa
d0nbelle
isolovedb
lovestrannerd
armymilkies
daliavarde
miiinmiiiin
lhngabianiii
shashabayer
areumistyy
dalphinx
chie_3004
clarcruel
urfanngirl
jwlleadriano02
anneashh
narryrights
donbellechll
sising_db
dbcults
allforbelinda
prettytina
ashleystic
chnllbnc
ayicamero
akiyammers
_eunisasabiosa
supremashy
gummybelle
missmichayy_
hirojuarez0
rhysarchives
cessityyy
xajdoronia
djleparto
ijuacho
arleneeeee14
wicked_angeeel
srcstckooya
llouvle
krstllmyls
shiningdonbelle
jourleyt
gwysareums
lawrencegiannn
krstnrualizo
unh0elyshit
xxsuppasit
madam_yzza
kyle_claireee
kaye_ndy
misssaiyieee_
itsmeeelyse
4reuminct
dailyelizalde
stunningbellem
heynutshell
barber_edward_
maywardofficial
vanz_kr
danielakeeper
jm_mrnda
raellahh
gailalperto
itzjsmn
javiermerii
rfdokbraqggjqux
yhannelacruz
aqtosiangelatin
moonchild_kao
hesintokaori
jhnvntra
og_pickleboi
andreapaanod
_nadieeeee
segwaii_
kelaybae
cinammonie_wp
cha_tsaaa
bastaakosihans
tanjuaquio14
thatsmorgan__
wpcallieya
yestosevi
jelaypilones08
dohwannie
jane_moral21
jennierubyblink
mamonuwant
itsmiaks
_azirism
aintyourmarem
gwaiarchives
gwyomics
lcnnstrr
indehcisive
_gwyomiiii
thylovedb
incorrectkaori
l0wkeyrolyn
valdezkate_
mikeequintos
hajia__
kb60169006
outletcreatif
shoichi_oka1026
hoe4jaile
donbelleice
hihfeeds
strannerd
tagscenario
iamcjsalongaofc
chasingdonbelle
donbelleca
ilysbdonbelle
apangilinan
misssaiyieee
shiningsolana
dbohmmelette
soo_rhei
donbellecebu
dbsuperior
livelydonbelle
httpxdb
phienutbutterr
ashtheticdb
teamdonbelle
donbellesource
onlydonbelle
moonchildb__
blazingbelinda
vincefelixx
ivanaalawi
vanessamerrell
veronicamerrell
gnaticscavite
lallainaphile
shielamarquez10
boyband_joao
kaori_oinuma
arabelladelro
soupwithsophie
donbelleofc
mscrizataa
donnypangilinan
bellemariano02
melizzajaune
wpselverist
vivoree
limerveloso
hihofficial
hesintoher
maxinejiji
rasulprincess
gellonatics
imgellomarquez
ashdlmundo
